[0.50326797 0.09492686 0.00077809 0.04139434 0.03548086 0.00326797
 0.04123872 0.07858699 0.02209773 0.0681606  0.03050109 0.06613757
 0.01416122]
[0.18821936 0.36222072 0.         0.09614083 0.01421801 0.00236967
 0.02335816 0.09309411 0.04163846 0.04265403 0.07481381 0.04637779
 0.01489506]
[0.14634146 0.14634146 0.         0.2804878  0.06097561 0.01219512
 0.01219512 0.02439024 0.         0.17073171 0.03658537 0.07317073
 0.03658537]
[0.07361963 0.17879053 0.         0.51533742 0.01489921 0.00087642
 0.02015776 0.06134969 0.01051709 0.02716915 0.04995618 0.03593339
 0.01139351]
[0.21459227 0.04377682 0.         0.03862661 0.27896996 0.04034335
 0.0360515  0.03690987 0.02575107 0.0472103  0.01545064 0.19399142
 0.02832618]
[0.10731707 0.05853659 0.         0.12682927 0.11707317 0.10243902
 0.02439024 0.04390244 0.02439024 0.05853659 0.04878049 0.16585366
 0.12195122]
[0.2103929  0.07097592 0.00126743 0.0468948  0.05069708 0.00760456
 0.46387833 0.06844106 0.02661597 0.01520913 0.01901141 0.01140684
 0.00760456]
[0.1141649  0.08615222 0.         0.06078224 0.01427061 0.00211416
 0.02008457 0.65010571 0.01057082 0.0089852  0.01162791 0.01585624
 0.00528541]
[0.18646409 0.12154696 0.         0.04074586 0.05524862 0.00759669
 0.07320442 0.04212707 0.27279006 0.03660221 0.03245856 0.09116022
 0.04005525]
[0.15274345 0.06920415 0.00098863 0.04745428 0.01680672 0.00197726
 0.00889768 0.0192783  0.01186357 0.30252101 0.10479486 0.24172022
 0.02174988]
[0.12012645 0.18545838 0.         0.07903056 0.01264489 0.00210748
 0.0052687  0.03477345 0.01369863 0.17808219 0.19283456 0.15173867
 0.02423604]
[0.09848114 0.03380696 0.         0.04458599 0.07006369 0.02057815
 0.00832925 0.01273885 0.01763841 0.10730034 0.03429691 0.51102401
 0.0411563 ]
[0.14845361 0.0556701  0.         0.05979381 0.03917526 0.04536082
 0.02680412 0.0185567  0.04329897 0.09484536 0.02886598 0.33608247
 0.10309278]
