[0.62873674 0.02603664 0.00385728 0.00771456 0.03230473 0.25747348
 0.04098361 0.00289296]
[0.325      0.28229167 0.00104167 0.05416667 0.06666667 0.18020833
 0.07916667 0.01145833]
[0.34615385 0.03846154 0.11538462 0.15384615 0.         0.30769231
 0.03846154 0.        ]
[0.20689655 0.18719212 0.03940887 0.29802956 0.04926108 0.10591133
 0.10591133 0.00738916]
[0.34146341 0.02217295 0.00443459 0.01330377 0.28603104 0.25277162
 0.07317073 0.00665188]
[0.07692308 0.01282051 0.         0.00320513 0.00961538 0.81410256
 0.07692308 0.00641026]
[0.06344411 0.00755287 0.         0.00755287 0.00755287 0.16465257
 0.73867069 0.01057402]
[0.16699411 0.03536346 0.         0.00392927 0.0805501  0.37328094
 0.11787819 0.22200393]
