[0.62819916 0.02512797 0.00558399 0.00651466 0.07212657 0.25407166
 0.00604933 0.00232666]
[0.26821542 0.27560718 0.00527983 0.06124604 0.10559662 0.25659979
 0.01267159 0.01478353]
[0.2173913  0.         0.04347826 0.17391304 0.17391304 0.34782609
 0.04347826 0.        ]
[0.19306931 0.12376238 0.04950495 0.35148515 0.09158416 0.14356436
 0.03712871 0.00990099]
[0.26484018 0.02968037 0.00456621 0.01369863 0.37442922 0.26940639
 0.02054795 0.02283105]
[0.07823129 0.00340136 0.         0.00340136 0.03401361 0.83333333
 0.02721088 0.02040816]
[0.06656101 0.01743265 0.         0.00633914 0.04120444 0.26782884
 0.5911252  0.00950872]
[0.10700389 0.03501946 0.         0.00583658 0.14785992 0.39883268
 0.07198444 0.23346304]
