[[3234  610    5  266  228   21  265  505  142  438  196  425   91]
 [ 556 1070    0  284   42    7   69  275  123  126  221  137   44]
 [  12   12    0   23    5    1    1    2    0   14    3    6    3]
 [  84  204    0  588   17    1   23   70   12   31   57   41   13]
 [ 250   51    0   45  325   47   42   43   30   55   18  226   33]
 [  22   12    0   26   24   21    5    9    5   12   10   34   25]
 [ 166   56    1   37   40    6  366   54   21   12   15    9    6]
 [ 216  163    0  115   27    4   38 1230   20   17   22   30   10]
 [ 270  176    0   59   80   11  106   61  395   53   47  132   58]
 [ 309  140    2   96   34    4   18   39   24  612  212  489   44]
 [ 114  176    0   75   12    2    5   33   13  169  183  144   23]
 [ 201   69    0   91  143   42   17   26   36  219   70 1043   84]
 [  72   27    0   29   19   22   13    9   21   46   14  163   50]]
