[0.41152461 0.0665066  0.         0.         0.24033613 0.
 0.28163265 0.        ]
[0.37963945 0.07900318 0.         0.         0.24867444 0.
 0.29268293 0.        ]
[0.17647059 0.05882353 0.         0.         0.43137255 0.
 0.33333333 0.        ]
[0.28301887 0.06918239 0.         0.         0.27295597 0.
 0.37484277 0.        ]
[0.33295711 0.07223476 0.         0.         0.29683973 0.
 0.2979684  0.        ]
[0.34364821 0.06840391 0.         0.         0.28827362 0.
 0.29967427 0.        ]
[0.34802091 0.08065721 0.         0.         0.26885736 0.
 0.30246453 0.        ]
[0.34962406 0.05545113 0.         0.         0.29041353 0.
 0.30451128 0.        ]
